DATE      	CROP           	TOTAL BIOMASS  	ROOT BIOMASS   	GRAIN YIELD    	FORAGE YIELD   	AG RESIDUE     	HARVEST INDEX  	POTENTIAL TR   	ACTUAL TR      	SOIL EVAP      	TOTAL N        	ROOT N         	GRAIN N        	FORAGE N       	CUM. N STRESS  	GRAIN N YIELD  	FORAGE N YIELD 
YYYY-MM-DD	-              	Mg/ha          	Mg/ha          	Mg/ha          	Mg/ha          	Mg/ha          	Mg/Mg          	mm             	mm             	mm             	Mg/ha          	Mg/ha          	Mg/ha          	Mg/ha          	-              
1984-10-04	Maize          	24.796         	2.873          	11.581         	0.000          	10.342         	0.5282         	404.66         	393.30         	214.09         	0.263          	0.0228         	0.1747         	0.000          	0.000          	0.175          	0.000          	
1985-09-26	Maize          	23.736         	2.997          	10.640         	0.000          	10.099         	0.5131         	439.30         	385.25         	129.82         	0.280          	0.0274         	0.1807         	0.000          	0.000          	0.181          	0.000          	
1986-09-30	Maize          	24.172         	2.891          	11.400         	0.000          	9.881          	0.5357         	436.70         	403.34         	117.73         	0.286          	0.0270         	0.1894         	0.000          	0.000          	0.189          	0.000          	
1987-09-30	Maize          	19.131         	2.467          	8.388          	0.000          	8.276          	0.5034         	442.78         	327.43         	139.71         	0.257          	0.0243         	0.1651         	0.000          	0.000          	0.165          	0.000          	
1988-10-07	Maize          	19.122         	2.232          	9.306          	0.000          	7.584          	0.5510         	410.98         	326.50         	180.85         	0.246          	0.0222         	0.1654         	0.000          	0.000          	0.165          	0.000          	
1989-09-25	Maize          	21.031         	2.669          	9.335          	0.000          	9.027          	0.5084         	373.79         	329.72         	135.88         	0.261          	0.0238         	0.1687         	0.000          	0.000          	0.169          	0.000          	
1990-09-18	Maize          	20.505         	2.587          	9.350          	0.000          	8.569          	0.5218         	392.18         	332.40         	144.35         	0.259          	0.0253         	0.1687         	0.000          	0.000          	0.169          	0.000          	
1991-09-22	Maize          	15.856         	2.122          	6.935          	0.000          	6.799          	0.5049         	439.80         	275.42         	150.04         	0.219          	0.0211         	0.1410         	0.000          	0.000          	0.141          	0.000          	
1992-10-01	Maize          	24.726         	3.075          	11.293         	0.000          	10.358         	0.5216         	390.57         	386.27         	158.98         	0.303          	0.0294         	0.1973         	0.000          	0.000          	0.197          	0.000          	
1993-09-26	Maize          	20.479         	2.795          	8.445          	0.000          	9.238          	0.4776         	440.96         	340.02         	118.67         	0.251          	0.0254         	0.1560         	0.000          	0.000          	0.156          	0.000          	
1994-09-30	Maize          	26.341         	3.013          	12.393         	0.000          	10.935         	0.5313         	413.04         	412.67         	152.04         	0.304          	0.0273         	0.2011         	0.000          	0.000          	0.201          	0.000          	
1995-09-28	Maize          	17.995         	2.438          	7.633          	0.000          	7.925          	0.4906         	409.42         	299.08         	138.91         	0.254          	0.0238         	0.1612         	0.000          	0.000          	0.161          	0.000          	
1996-09-25	Maize          	25.891         	3.031          	12.047         	0.000          	10.812         	0.5270         	404.61         	395.26         	155.47         	0.299          	0.0273         	0.1971         	0.000          	0.000          	0.197          	0.000          	
1997-10-02	Maize          	20.820         	2.610          	9.731          	0.000          	8.479          	0.5344         	433.70         	344.93         	142.50         	0.252          	0.0252         	0.1658         	0.000          	0.000          	0.166          	0.000          	
1998-09-25	Maize          	25.748         	2.961          	12.127         	0.000          	10.660         	0.5322         	431.18         	418.75         	140.12         	0.274          	0.0241         	0.1818         	0.000          	0.000          	0.182          	0.000          	
1999-10-01	Maize          	18.162         	2.374          	8.146          	0.000          	7.641          	0.5160         	474.24         	308.75         	134.85         	0.228          	0.0235         	0.1466         	0.000          	0.000          	0.147          	0.000          	
2000-09-30	Maize          	24.973         	3.005          	11.367         	0.000          	10.601         	0.5174         	400.14         	378.01         	156.28         	0.285          	0.0263         	0.1863         	0.000          	0.000          	0.186          	0.000          	
2001-09-29	Maize          	22.540         	2.967          	9.684          	0.000          	9.889          	0.4948         	459.16         	373.53         	117.01         	0.270          	0.0266         	0.1712         	0.000          	0.000          	0.171          	0.000          	
2002-10-03	Maize          	15.117         	2.254          	6.118          	0.000          	6.745          	0.4756         	478.86         	266.26         	158.46         	0.208          	0.0223         	0.1282         	0.000          	0.000          	0.128          	0.000          	
2003-10-01	Maize          	24.089         	2.830          	11.360         	0.000          	9.899          	0.5344         	391.86         	380.92         	158.55         	0.278          	0.0250         	0.1844         	0.000          	0.000          	0.184          	0.000          	
2004-09-20	Maize          	25.979         	3.099          	11.909         	0.000          	10.971         	0.5205         	397.17         	397.17         	131.29         	0.284          	0.0260         	0.1860         	0.000          	0.000          	0.186          	0.000          	
2005-09-29	Maize          	20.412         	2.762          	8.827          	0.000          	8.823          	0.5001         	422.75         	350.29         	128.37         	0.261          	0.0254         	0.1663         	0.000          	0.000          	0.166          	0.000          	
2006-09-29	Maize          	20.674         	2.741          	8.794          	0.000          	9.139          	0.4904         	435.04         	339.82         	154.92         	0.258          	0.0251         	0.1634         	0.000          	0.000          	0.163          	0.000          	
2007-09-26	Maize          	25.112         	3.160          	11.088         	0.000          	10.864         	0.5051         	482.44         	421.57         	146.25         	0.288          	0.0284         	0.1843         	0.000          	0.000          	0.184          	0.000          	
2008-10-01	Maize          	22.134         	2.872          	9.627          	0.000          	9.635          	0.4998         	454.58         	364.04         	160.25         	0.261          	0.0257         	0.1667         	0.000          	0.000          	0.167          	0.000          	
2009-09-27	Maize          	27.675         	3.188          	12.870         	0.000          	11.618         	0.5256         	423.58         	416.94         	141.64         	0.291          	0.0263         	0.1916         	0.000          	0.000          	0.192          	0.000          	
2010-09-25	Maize          	22.883         	2.864          	10.440         	0.000          	9.579          	0.5215         	471.36         	388.75         	120.35         	0.266          	0.0252         	0.1736         	0.000          	0.000          	0.174          	0.000          	
2011-09-20	Maize          	25.400         	3.055          	11.549         	0.000          	10.796         	0.5169         	449.77         	411.35         	136.75         	0.274          	0.0253         	0.1788         	0.000          	0.000          	0.179          	0.000          	
2012-09-23	Maize          	21.084         	2.622          	9.977          	0.000          	8.485          	0.5404         	453.80         	341.16         	172.58         	0.254          	0.0258         	0.1673         	0.000          	0.000          	0.167          	0.000          	
